9.282102012308151 0
9.202335569231277 0
9.113706188034753 3
9.015229097816391 3
8.905810108684879 3
8.78423345409431 3
8.649148282327008 3
2.71 0
1.9 0
1.0 0
0.0 0
1.0 1
0.0 0
8.49905364703001 3
8.332281830033345 2
7.458134171671002 0
7.175704635190002 0
6.861894039100001 0
6.513215599000001 0
6.125795110000001 0
5.6953279000000006 1
5.217031 1
4.68559 1
4.0951 1
3.439 2
1.0 1
0.0 0
2.71 2
1.9 1
1.0 1
0.0 0
8.14697981114816 2
7.941088679053511 1
7.712320754503901 1
7.458134171671002 1
7.175704635190002 1
6.861894039100001 1
6.5132155990000005 1
6.12579511 1
5.6953279000000006 0
5.217031 0
4.68559 0
4.0951 0
3.439 0
2.71 0
1.9 0
1.0 0
0.0 0
1.0 3
0.0 0